26935296
30285826
3080195
3162120
1916936
3612682
4309001
26935308
1302541
1875985
27123733
1957911
19963931
3162140
1302557
21340191
2277409
20561958
2080810
30433323
26378296
3555387
2170939
10428478
27099199
34930755
26656839
26738762
1302604
10428494
6430803
3711072
19955810
25837667
26353773
19955824
26247281
1876081
30220403
1982581
25731191
1441915
26673279
6013063
2990221
27000981
26312853
30458008
2998425
2326683
26271900
1441950
26575007
4882601
1302698
4882608
4882609
4882610
4882611
1441973
4882613
26386613
4735164
30351548
27140286
26706109
4882625
25977027
4882629
26353862
5193926
1786054
1433797
3670218
26935498
26353868
10461388
1302735
4882640
25698513
4751571
26681555
2990294
26599641
20152546
30163175
25870571
26779885
5161198
25805039
1302766
26886387
30179572
2130165
26657015
2302211
4833542
26894599
27107596
3801357
6537490
34439448
3088667
26870044
3735839
26935584
1401124
24838437
4833574
1401129
3408170
1532205
1974575
2081071
3137840
2294068
1302836
5669176
1950010
3137852
1827136
3727682
1294666
3121493
25780571
1302885
25895270
25911658
2228587
25780590
2335088
3735925
34865529
27025785
26411388
20504960
26411392
1950085
2376071
1401223
30474633
25813403
4227486
25813409
26427810
26591654
33423785
20505003
2138545
26354098
5202353
27025845
25780664
25985465
24699321
1950139
25813439
25960901
26378698
1950156
30474701
20259277
26378704
30155222
6037975
5980630
24297947
30474718
1499618
4202985
25919982
11534835
34906611
26640888
1294840
2081278
26894847
2286082
5194245
2163206
1303053
2335247
25764369
1761818
4882972
1401376
26616358
1401382
21332521
21766698
30163500
25854510
30163504
10543674
24699451
30237255
34906697
11502153
4227664
30483025
24863312
10543699
3326556
27026013
3736158
27591263
4899425
3023460
11584101
1786470
30401127
1917550
3113591
1950330
1761920
33407619
26911365
3080837
1417868
2032270
3146390
1303197
1401504
10740387
5120686
11584182
1483448
2294458
3228352
27198145
1401538
27173571
27124420
30409416
27198152
1458890
2155210
3244748
21349065
26911443
30319317
2032341
26739419
26878686
5382879
1868513
33399526
27042535
10453740
4236014
21357310
3564292
2138885
26280709
2032389
1401609
25985805
1303319
30466842
27665179
1827612
3023646
26641183
1295138
30409507
34833192
33415984
4711220
24527673
26788667
1958716
1483581
30335810
26600261
1459021
30442317
2286418
1295186
1303378
3580759
3998551
3056473
11625312
26698601
25863020
4219760
4858738
4219762
4219763
4219764
26706803
4858745
3097465
26362752
1786753
5366658
26854276
3793797
5071756
19973012
3089305
26354587
1917852
26616732
26878879
26682273
20472738
24298405
30294950
4842410
26887083
6120366
34841522
20399029
6857659
30458820
1680330
3335115
2253780
26870741
3072985
1303519
26633184
10806240
34440160
26264547
26600422
26805230
3892207
26289138
26772467
2229240
1401849
6521851
1885180
2245630
2040834
26895367
3056650
6038543
27059215
30196754
4097048
2253851
1295389
20505638
1401895
1958951
1401897
1295402
3769387
6521902
3073073
1770546
4899891
1770547
1401908
1532978
26838067
34964529
1795131
1303611
7062589
4072511
25961541
30295112
26788943
2212953
1418331
27133024
5416032
30467175
34677866
2049130
3212400
10462321
1303671
6759556
26289289
26879116
30196877
3089554
4097171
26707093
3736737
30229670
5244074
20399275
5211309
20497582
3073198
2008241
3179698
26969266
5268663
2270397
1467584
25773249
2999489
1303749
2278598
27608262
1303751
4097230
27624662
25822427
2000093
1467614
25904360
27002092
1418477
27084014
27034868
19997950
26313982
4187390
26780934
3794184
30172427
27165968
34907409
27034899
2073876
2303256
3843354
19973403
4924699
26363166
19965215
34866465
4064560
26895665
2303282
3278133
1303864
1303865
30336318
20391234
26903875
10569027
26903877
19899718
3818823
1967440
2286928
6284624
11527509
26101081
24380762
5244254
25978207
1951078
3163495
1762665
24380778
1828213
25716087
3024252
2278780
24774015
6120832
1418623
4195714
26985857
1418629
24733062
1295751
1877384
2139532
4195725
2000271
6038932
25978261
6432150
30238104
14009755
5375388
30156190
4294046
1303967
11527586
4294053
6432166
34882983
3818921
3204531
1394103
10569144
10487225
3032505
4023737
2074039
34801085
3163582
11527610
27043264
26617283
5219780
3818949
3818950
6514123
1484236
27043278
4294098
26863060
5989846
3294679
19998167
26822105
25822683
25830885
3868134
6858224
23774708
26650101
4859384
4859386
26650107
10438140
34956794
34833914
1304058
30279172
25757189
1295887
5031442
3286547
27092499
2156064
33400353
2033187
24741411
1459755
34899500
24299052
26265134
1459760
30434865
26617395
1861172
27174453
20284984
1295929
4236861
34956867
3335748
26912327
26420808
26904137
25798216
4933195
10774094
30434897
26265170
1459804
1459807
26748513
25749089
5342818
1304165
26969706
26355307
26945137
19949173
2279029
2311802
27182719
1304196
2336389
30140042
5080716
25986703
3917460
34989716
5392029
20268702
30181023
4826782
33400481
34784930
25872035
3008163
19973802
2287274
1304235
27035309
2131640
30459577
10462908
3278525
2377406
30443198
19973821
25978562
3737284
3057361
26838743
25790169
2139867
26642143
30238432
5326561
26592991
26420965
4720358
30377703
30164712
26953448
1812198
2049773
2139891
27092725
30164729
10553099
10733324
20285197
26748688
34940692
26314518
4196129
30377765
27035442
26576700
1476422
1853258
26322766
23701327
1296206
1427290
1296221
5392222
26593118
3319649
10430307
30295908
33376099
1476455
26740585
26847083
2123630
30181231
4204402
30328691
30287738
26298234
6784893
1902462
30377856
24872837
27109254
3540871
2213766
26609547
26314636
26929044
27068309
26683286
25773973
30410654
11601824
2377633
1812388
30123941
3196838
26765222
27027368
4859817
6899623
24381355
1959851
3114923
25814963
26363830
10807224
26757049
6989754
10438587
5343165
34670530
6383557
3098568
20277195
1304531
26363863
26929113
30246873
26732514
26339305
24700906
10569710
1296367
27109362
1296373
6727679
3090437
1304582
6801416
25864203
30345227
30345228
6522896
1353746
26716179
2041876
6801426
1419294
3000352
2213921
25741347
30484516
3319847
34793515
10602545
19966005
30255157
11528251
27068480
26994752
26961992
26331210
1296463
1394775
3024995
3016812
4819057
30337138
30394484
3926132
1304693
3221623
26200183
26650748
20514940
25806974
3803264
27191431
26765449
34793614
2975889
30222485
27601047
2255001
20326554
4229274
26372252
21973146
30279838
27191456
32491681
21350566
3090599
33425578
26691760
1304763
2156733
26527937
30271684
34670789
30304454
20416718
1755344
5105876
30443737
6506716
3246300
2173151
20523233
30329063
26421491
5122292
30189817
5155066
1919225
33384699
4745470
6523137
2009359
3098895
3008789
1296662
21817627
1419547
3098915
27167012
24840488
1296683
10799406
1476913
25749813
26675512
1476926
30329153
2058564
1304900
5179718
24840519
1853768
24815944
1304909
30280014
30427473
6080857
4016477
30394725
5384550
6875497
10561898
2271596
20498797
2271598
5179762
6965619
4712820
4016501
4016502
20425078
26782074
3008892
5384580
5384581
4073861
34834820
5360005
3025289
30361993
3230092
1427854
2279825
2001298
26831265
3025315
10512804
33401255
4073898
1296812
27167149
3369389
3541423
27199923
26429878
4327877
25823687
2132425
1419725
4311509
30206424
26282457
26675674
4917723
1305054
26995171
4925924
33475049
2099693
6007281
4803058
1305088
1305107
1296917
1305111
26200601
3009053
26888737
3779111
1296935
1305127
1485354
20433454
1296945
1468985
34990650
1763899
26331710
30411330
30411336
25872968
3836490
10807880
25905737
3836494
27101775
1296982
27126359
4098648
30476890
26061405
4819552
2058851
10455655
4319847
1485417
3017326
4246127
26323567
1305202
33950324
26323576
3713658
1428095
3156609
4721284
3189380
3713675
25873036
4287117
10758799
4287119
26831503
6810257
30263955
1305237
4917910
2157207
26897049
1477273
1419929
30403227
1395357
3230373
1305259
21965488
27003571
26651316
1444534
2149047
3918526
3271358
1460932
3058375
3123920
3771089
3713757
3574494
3066592
26946275
4172516
5409513
34777833
4172522
1395440
7916275
3230452
7916280
1829626
26602234
3287804
7154430
26864383
3697417
26938125
7064335
1886997
25963287
26979097
4172572
1305372
2239262
3189548
10545971
26331957
30296892
5270345
1305418
1796939
34925392
4860757
1420117
3197783
10472281
21318490
2075484
26184554
6843243
22522738
5196664
1428344
1796986
24734590
1477510
4729738
6081418
4139917
26979216
1305489
2378649
26962841
3148699
27618202
2132894
1493920
26856352
3148716
26700717
25938861
26946485
1919925
3713979
5262268
3754940
10537919
1420225
4828099
1461188
26921925
26700741
5401548
30215119
26913748
30133205
3992542
34868192
1297378
26921957
5958631
3091433
1461226
11602924
1420268
6048751
3034096
4320241
34909176
1297403
5262338
1461253
1461254
26790919
4328456
1928198
26577937
26266642
25979923
20491284
26954771
1305619
21941283
4918307
6138916
10562600
1305643
1862703
26430516
6835256
21769276
26946626
26635333
26995787
1305677
1854542
26635361
34884710
26635374
3034228
3878007
1764472
26266745
27126904
5975163
1887358
1305726
25824388
5442693
25717896
5450891
26291341
3566737
5450899
26823828
27077783
1436824
6794396
1297576
4082859
2305198
26307759
5221554
2059443
25881781
26774711
1305783
7163066
3755203
1436868
2239685
27069641
1305803
4099277
27593939
6900952
6999257
11504858
11594971
25890014
2174175
27061474
3804387
30395621
25922792
26430698
26856683
26848501
2043126
10472700
26873085
25865469
2043134
4222209
1305860
24857863
26610956
2125071
6515983
3837203
4762901
3755289
27602202
1305892
27028774
27102502
27028777
3730742
26717494
26438970
5139777
26873155
25922883
5270856
3722568
1437000
4934994
20270421
5385560
3042648
24374622
7015775
22556008
30240107
33426800
6524273
1305969
34803059
1764730
3632506
5967232
20368776
3722634
3018123
26611083
3681675
26815887
3632529
26611091
26602911
4271533
3091888
27594166
27168183
26791352
33418681
26381767
4238798
27192784
3558869
3739095
26291672
26701276
1986024
4861417
25890287
26381809
3550715
6393340
1986046
25931270
25931271
25931272
4713994
5320205
26914320
26381842
5320212
24530457
26791450
25775642
26365472
2043431
26586671
24882736
30273071
33967670
25980470
3837495
30273078
26603062
6114876
27135550
2158151
25800263
4058698
3837519
25775695
7065178
26742363
4738652
3804765
30314077
26930782
26291803
3894878
1437275
25980515
3804775
27029098
27135600
25964146
7065210
27012731
26668669
1830528
20278916
1298052
1814150
3018377
10546825
1830539
6991500
3092111
10604180
30346905
1765018
3706530
21319330
10759851
1478318
3059379
25743028
25972405
2993846
2084533
1830586
25972411
30371518
11538112
30232256
24530627
24751811
27078348
1437392
26726098
2150102
27119322
2354908
1789665
10759906
25964259
24325861
26210024
3641070
3313399
4910839
2051834
1814266
5951228
27668223
4075263
5197568
20442879
4058882
26791685
27668235
4779789
25833230
24743696
2084628
2133781
5500700
27012899
27012900
2346788
1470246
1298217
20451117
30306093
27103024
27086642
3780404
1298230
34926393
20393785
4058937
24858429
1920832
1306436
1298246
4058952
1298254
4067152
25857885
2084703
1306474
33394543
1306489
34852732
19976063
11587459
2011013
26636167
27119496
26685334
24891288
2158490
26685338
27611038
4722592
3657632
1298338
27135911
1773481
26742700
19976109
3329966
26292143
4804533
1298358
11587511
1437622
3149755
10522561
3993542
1470408
26832842
4919243
2568141
24858573
1306583
4018137
1298395
26431453
3731423
4288482
34918377
3993578
30371819
3993580
26021869
3231724
30158831
1437678
30150641
30158833
6295539
1421307
26931197
3141629
4091908
21327878
20451335
1306632
4902929
3559446
34951191
34951192
34951193
4132895
30150693
2150438
1298469
10752040
1904688
1298484
34943032
2248761
24531004
4149312
2281537
3264580
25784391
30150734
26169422
1437775
2371674
1806426
4198498
24522854
5345382
5247080
26996841
2158699
30306416
26644595
26923124
3223671
25981049
1298554
25825412
2347144
4944009
5345421
2003087
1306770
3027092
1855637
10563732
10473631
4845728
1306786
3199148
3068078
3035313
6893748
2281653
3920055
25768127
28618944
27160769
26857664
26882246
3182794
2330828
21876940
1298647
26841305
2281691
6557916
2281700
1437924
3158246
26628329
3215600
30257397
3289334
20427004
4845822
4862211
26808580
24883463
1298697
3182859
1298701
27611406
30134551
2978075
27169056
26882339
30257448
26882347
2134318
2134319
4927791
6017331
25792821
26587449
2134334
25899327
2224447
30241098
10441039
20427088
26603856
20427091
3838294
26612061
26866013
33427817
30454128
26022259
1765748
30191989
1306996
1765753
6984068
2142600
1962384
27185556
10514846
4927903
27062691
2363813
6721959
1307047
1307050
27595184
4207025
1307056
25956789
3928505
1937850
2011579
1307072
6844867
10441156
25924036
4837828
34902482
1790418
1421780
30364117
26595806
2355678
34902496
6844897
6394339
11604454
2363879
3199463
34902505
27185648
26923506
3609075
3240436
1298933
26817014
3232246
34902523
26292731
33206782
26710532
34607621
26710533
26972681
34771470
26374671
30192150
1307159
1864216
30372377
3871260
26677788
4157980
26276385
26612258
30159395
26317345
25702949
24736294
26636841
1298989
30216753
30331448
20501049
5313084
19976777
24883789
1962574
1938004
30462549
1307226
10531422
34992736
3592803
6222445
1421934
26849902
26980975
33968755
1839735
3707511
1905271
26587772
30257791
1299072
19976836
1823364
3543690
19976842
6558348
24285840
26276498
3068563
30282388
25662100
26940054
26276503
27079318
4174482
5337755
3543708
1807010
3715747
1307304
2085545
26743466
26366634
26735273
26743479
6894263
26809018
26653375
10457795
7058117
26677958
3732169
26219218
3732179
2003669
27079386
26915550
5993186
26809059
27079395
30421736
1839849
1307368
10867435
34861804
4764398
1839855
1307374
34820851
25735926
1463033
3724032
5387009
5387011
25867012
1438467
3724039
25752328
25752329
25768714
27144972
5387022
1299218
1495828
1307415
27087643
33444637
3093280
1307426
5395243
30135083
26604337
30135090
1438520
25760575
30135110
1962823
3445579
33436492
26268494
3806031
3126098
26800983
1799000
33387353
1307480
6738779
27046753
30290787
25981796
30143335
10539880
25752425
26235754
6517608
26588017
2077556
4060021
25785208
33444730
6517628
2995068
1897342
3126141
6796160
34845566
1307528
30290826
24859532
33444752
1299348
3339157
25662357
30258072
26751899
1422235
26268574
5960606
2249632
1307553
4707234
26719139
10810278
25965482
5206954
5051312
26268595
6828980
11531189
26727352
5313468
2372545
1299394
20452294
21328839
25793480
1299401
30168013
5174223
26358736
26776530
1946581
1307606
1307611
1962973
30438373
30446565
1856493
2216948
3814389
24867835
1438718
26883072
10744833
1307651
26268676
34845700
1856522
26784784
26850326
19371041
26334244
34845733
1889320
26965032
1307695
1471536
27006002
24843320
1307712
25941059
6886471
11523148
3822672
30348371
26834005
1479767
1766487
3757150
5256290
34444396
27038834
27145331
26416253
24532094
26842238
1307780
33428619
3044491
1766542
30438543
27186320
27186319
1299602
30291092
20395156
26268824
25834652
34952355
6116523
27186357
25867446
30201014
27186360
1307829
1848506
1479867
26784959
20378817
7001285
1307847
4707528
25703626
4920522
3757268
6952149
2381014
3642580
27186392
26318038
1307867
26637534
3699947
1307885
26834159
1299698
33412338
4011256
1791226
24753403
6812932
1299737
27604258
3200292
1307941
30201130
27161899
2028842
26342699
30242100
6722873
4224317
2028865
11613507
30201158
26678599
1480010
1897802
1807693
26015054
2176334
34813262
1389914
22893923
27006308
27186532
26916202
4281708
26391917
1439085
30438768
26785138
30242164
25695608
20444539
3437955
4044163
1299848
30242186
3175819
26785171
3044756
25769365
10827162
30463396
26195366
3765673
24876460
3765684
26785206
1390008
10606008
1308093
25834945
26662337
2160071
26662345
3159498
26875339
5092816
3012048
25843157
1439190
27186648
1439192
26858970
1299930
1299933
1439200
1971681
26588644
27596261
27203047
26678760
2299368
24745449
4847079
1308140
4847089
2299379
6428148
4847093
3012086
10483195
2373118
5969411
30414347
2160144
26326546
24753685
26326551
34960921
3806748
30479900
1308190
30414367
10458667
27194924
1422894
4896303
27620913
25933363
6755897
6755898
27063867
5355067
2086458
2356794
1963578
25949760
26383941
10745415
1291848
1291849
27121224
1308236
26842702
2299474
4740691
3765843
6829658
2299482
10442332
22861406
1291873
25728612
27194983
27194985
26433135
26367601
30463601
2053745
2274932
2365045
25753204
30135924
23074430
26826370
1898121
5355146
25851541
21370519
26392215
1316505
25982617
5985944
25663130
3446429
25851555
1578664
26842796
2274989
1791662
30463663
30365359
27104945
3684022
1857206
1300160
3503813
25663173
26384074
26924750
26261199
24254161
26752722
1316563
25728722
2995924
26613473
1742565
27113189
20256487
5977832
1300200
26998506
1308403
1308405
3790589
25794302
3118848
1906433
26867458
33429251
1308419
25851658
26113806
26474254
10491666
26941206
10491679
10573599
5166883
1308451
30136103
1906485
25859894
2160439
30455611
3929921
1300291
27072327
1308490
3127116
5068623
1890128
26670928
10794834
4142929
1308496
1316694
30201691
22263645
25884510
3184479
1464160
30234465
27621218
1464163
25835364
33372006
30439272
27162474
1308525
1652592
1439600
30283634
1308528
26720121
2332539
6125440
1300357
30267274
1300370
21264276
6436759
2144151
25892766
26351524
26384292
26703789
26245039
6985649
24704948
26900404
2070452
3291063
3987383
25761720
1308597
2160575
1898438
20445130
30152651
25802702
1841109
5339095
30300125
26900447
2340836
5339111
1849330
26834930
5339124
34461683
25769974
4896760
26785787
2160639
26785792
27195401
10811401
3659791
1308688
26990609
6772757
10549274
5290011
26843165
27179038
1472548
10762279
10786855
6961193
26417192
1292327
1292331
4913201
26892339
2340919
2070586
2357306
5265469
25704510
1300543
7051328
26712129
1300545
1300557
26589263
5208150
34854999
5380185
3725401
26654811
34429020
2340957
26687582
2349145
1308773
2381927
2340969
26925164
2381933
34855021
26761328
1300599
2283642
25884794
26425468
10459268
25925764
4749446
26851465
11589770
1308810
26917005
26581134
1759375
3381390
26851469
26581142
3037336
5159064
3987608
3791012
25884841
4921513
26712235
30292142
1308860
2078916
26826953
1292490
1300689
27597015
1947868
4749534
3619040
1292520
2160877
3717360
26728689
1849591
26253559
24705272
20429048
33159421
1472771
26392843
11540750
26884366
26671375
27007255
1308952
26908955
3619100
4315420
27064608
26442029
27171119
10484016
3733810
1464633
26335546
4798779
27089211
1308988
27154751
10484037
2996549
22559053
1866061
1898830
3561809
1898833
26630489
30284125
26876254
3987806
26646880
34814304
34953570
1309024
26384749
3094898
26605941
1292665
1857915
20388219
25958790
25729415
6060424
34945425
10484117
1309081
34986394
20494747
1980832
26302882
1300899
1300904
1309097
26655154
1776051
25745849
10467771
26933697
1915329
26868163
6855109
30177737
2382282
6953421
5503437
25762254
1440208
11639245
1300943
26859984
1292756
26859987
26253783
3987927
25917911
4127204
3152358
34945510
7059944
1481194
27605486
1292783
3324401
4848114
1300979
1292790
26647032
5954057
34945547
5151244
26786317
25803285
3635737
1980954
1301021
25934367
25917984
26860066
34945579
2267697
1301042
11639348
1358392
26630714
1940029
21363262
27089479
1292880
4995665
3791443
25819736
27605594
25762404
30382693
27621991
25836137
1440363
5446253
1292909
20388465
3750513
5208689
6429300
25827958
20429432
26827389
26663553
2972298
5683858
3791506
26868375
24754841
3750554
20273819
3193501
6224542
4823726
3676849
4233909
26966710
4176566
26729145
26639034
27179713
34781899
30210768
6101719
26696414
2079467
25795309
11639538
1768179
10771190
3922681
1301249
1465091
30382853
25762566
30464777
33970954
33389322
4102925
26639128
4135708
24754972
3791647
6519585
27065128
30374707
30292794
24845114
4807486
34880321
1751873
19962697
26868553
30301003
24312655
34429775
26975062
3160919
2055008
6839143
26590060
1301365
26590070
1448827
1432448
2268042
26901390
1293198
2284434
2284438
30284699
1768351
34880426
2382762
24312747
4840370
6511546
5413819
30424000
3095492
26008521
26696653
1465297
1440723
10558424
25951193
30194650
3095514
10558447
26762225
3161092
23780356
3013641
24878091
26254370
1760293
21961765
6781995
1465390
26098736
23034934
25984056
34937912
3595323
11598908
1948732
30194752
4930625
33381441
1301574
1850440
30465096
26934346
26745932
26934349
26106958
30227538
1793110
2333783
30432344
2137179
1293408
27139173
30170214
6536293
1293418
5053548
3193968
30284915
1408117
3087483
1481856
20413568
3538051
2030727
26811528
5381258
30334090
1457294
3218575
1924241
3546262
22183063
1301654
30334108
26877087
26942625
26844321
1293481
34659505
26877106
27016371
1293491
26942645
4824245
1301687
26385606
1301702
25705675
2129100
26688717
26279124
24706263
22232279
26655968
26459360
3742949
1424613
27155695
26344688
26459377
26860786
30407925
1498359
26680580
34938117
25812229
6888711
4087049
1424655
4873490
25722132
3652885
3783965
3194144
2383153
1768753
6118714
26877243
27065659
1301823
30227781
26787145
6905170
34807123
26860885
1850721
6110564
3325299
25812339
1293686
1293691
4275580
26869119
26975625
30317967
1998224
6757784
26664345
6815129
26705307
26869145
27008416
10599841
26328483
5258660
26992039
26328492
2334128
1998268
2252224
3743168
4914628
26754512
1449426
1301973
1310169
1310170
1293788
33447392
3718626
26861028
34979302
20495848
26762744
1940991
21323264
27164161
1465858
26779139
34840068
26803717
27098632
2129417
1302027
26746381
21323277
26607124
26607125
1498649
1498651
27598365
20266526
1302047
21339682
26639917
27024947
30481973
34815545
26844730
26295867
26295868
5111356
3563072
1506880
27008582
26631751
19971658
30318155
26328652
5332564
25779796
1465942
30162520
23060058
3268192
1302115
3292775
5258857
1982058
26369644
2276977
26295922
4202099
34979442
20561530
1293947
1982084
5332616
4202127
1949329
1416850
26369686
3268249
2367134
26779294
26746532
26287780
26304166
30318248
14016168
26599083
26353324
1302188
26599089
24739506
33398449
1294001
4185778
20381366
34987701
3604156
4316861
25804480
10567361
26345154
27131587
1294022
30441168
25788112
7061203
26705621
27180758
5054166
27000536
26304217
26353374
1998563
33447654
27000554
1777387
1941228
25870066
30220019
4202230
25853688
2309883
25853693
25829118
1761021
1752832
1777408
26754822
2973449
25927433
26599179
5209877
20389660
26361631
4300577
6790946
25984803
4841253
6790955
1433388
1449776
3882803
30465847
20266812
1400649
5300042
1826633
26967884
5177165
26967887
5300054
2056031
1449825
26951525
1302376
33447785
26746731
2154348
27197296
1769332
11599732
1417076
1941367
1417082
26378107
1949571
6717318
2056072
27148169
34602888
3022737
26279825
3817380
2047910
30449575
25903020
23748525
1769390
1818543
2252722
26746803
26378164
26869684
26869686
27148216
2310080
4030411
1826764
4120529
27090897
26738642
2301909
26615767
10788826
26329059
3792869
3727334
26746856
25903088
1433588
30154744
26697725