1851857
1296141
1292365
1300267
1293172
20495023
26387939
1929463
1291552
2129039
1293182
1291858
30170448
1291583
1299398
1308807
1291828
21937452
1293839
1298624
21937445
1292000
1295038
1291548
1299131
1780330
1292223
1291832
27060077
1293544
1292343
1787291
1292679
2334904
1292656
11525673
25958717
1294639
1292370
1652587
1292215
1294371
1298070
1297192
1302425
1418834
1297359
1300299
2149806
6985810
1292052
1291546
1292720
1295644
1292063
1292722
1291561
1295124
3541415
3011091
1292001
2131459
3793023
1292064
1291549
1889243
1292213
5912992
25662329
1307914
1291560
1291841
1849031
3319755
6786002
1900841
1301753
1291572
26752088
1418019
1293350
1291571
1292224
1306029
1291818
1309046
1291843
1305487
1296736
1485260
26580232
3742360
3442220
1292402
1292220
1292849
1303021
1294408
1292262
3008247
21360417
1293359
1292274
1291990
11026735
1292337
4202302
3287562
1291579
1291585
1858711
1300992
26325320
1292208
1418200
10577869
1417598
1303037
1294240
1578507
3792799
1297574
1295399
6307447
1291543
1907966
1307315
1428581
25917973
1292401
1293318
26611804
1295409
1306861
1793929
1292328
25773932
1304447
24750126
2209573
4920389
1978709
26874505
1291557
26683290
1291822
25986180
1959195
10533913
1291870
1295865
1291844
1293964
1937946
10808442
4739952
1308857
1292226
26614893
1300374
27622447
1292329
1305690
1438652
1760622
1308767
1292287
1292528
3075287
1304102
1419936
1303394
2363506
1293908
1428175
2297265
2213597
25807345
2222996
3592854
1828115
1867345
27059130
26393561
6874403
1397546
25954475
1291568
5964718
25921812
1291824
5908478
1300117
1292233
1294638
27615441
27191492
1388216
1292659
1292270
10463953
1302467
26628357
4848115
6534248
1395091
1309163
1291578
1291544
25980443
25895901
26430107
1296909
10437779
25724855
1293460
1296996
3011051
1302827
1307811
1293181
3443389
1862151
26787574
1291879
1291875
1291999
1297630
26799731
25814705
3011235
21318488
10777687
3072124
1865703
1296339
4268598
1292434
25814707
1297052
1291545
4917726
3395373
1316510
1306249
5322596
1297447
1305164
2353023
5989818
